800000011
800000027
800000029
800000041
800000063
800000083
800000087
800000107
800000147
800000153
800000171
800000209
800000233
800000249
800000261
800000269
800000287
800000317
800000321
800000359
800000371
800000429
800000447
800000449
800000473
800000479
800000483
800000507
800000521
800000527
800000533
800000549
800000557
800000561
800000573
800000599
800000609
800000623
800000627
800000629
800000657
800000659
800000711
800000741
800000749
800000759
800000777
800000779
800000809
800000821
800000857
800000867
800000917
800000923
800000933
800000953
800000963
800000983
800001071
800001089
800001107
800001109
800001121
800001131
800001151
800001173
800001179
800001211
800001247
800001259
800001269
800001271
800001277
800001281
800001343
800001347
800001359
800001409
800001463
800001547
800001581
800001599
800001613
800001619
800001649
800001677
800001731
800001733
800001749
800001767
800001809
800001857
800001949
800001967
800001989
800001991
